0 0.477344 0.144444 0.039062 0.044444
0 0.389844 0.155556 0.023438 0.069444
0 0.316797 0.263889 0.028906 0.066667
0 0.537109 0.050694 0.041406 0.034722
0 0.613672 0.259722 0.032031 0.061111
0 0.483594 0.360417 0.017188 0.068056
0 0.529297 0.474306 0.036719 0.056944
0 0.386328 0.828472 0.039844 0.037500
0 0.584766 0.885417 0.016406 0.070833
0 0.603125 0.654167 0.020313 0.041667
0 0.697656 0.497222 0.026562 0.069444
0 0.616406 0.306250 0.035937 0.034722
0 0.644531 0.351389 0.040625 0.027778
0 0.700781 0.300000 0.021875 0.036111
0 0.725781 0.377083 0.034375 0.065278
0 0.796094 0.333333 0.018750 0.066667
0 0.776563 0.578472 0.025000 0.034722
0 0.837500 0.684028 0.035937 0.056944
