0 0.439844 0.145833 0.025000 0.069444
0 0.476172 0.337500 0.022656 0.066667
0 0.496484 0.315972 0.027344 0.062500
0 0.562500 0.418750 0.034375 0.051389
0 0.580859 0.437500 0.042969 0.025000
0 0.630078 0.404167 0.025781 0.061111
0 0.692578 0.388889 0.019531 0.069444
0 0.599219 0.580556 0.035937 0.030556
0 0.566406 0.698611 0.017188 0.066667
0 0.735938 0.631944 0.021875 0.072222
0 0.780078 0.647917 0.030469 0.051389
0 0.795703 0.700694 0.036719 0.051389
0 0.770312 0.778472 0.042188 0.034722
0 0.644141 0.301389 0.035156 0.047222
0 0.643359 0.252778 0.021094 0.075000
0 0.745703 0.151389 0.039844 0.055556
0 0.832031 0.283333 0.048438 0.044444
0 0.822656 0.393750 0.032813 0.059722
0 0.848437 0.381250 0.014063 0.073611
