0 0.387500 0.122222 0.039062 0.044444
0 0.414062 0.236806 0.023438 0.070833
0 0.291797 0.388889 0.014844 0.069444
0 0.337109 0.444444 0.033594 0.044444
0 0.509766 0.390972 0.036719 0.040278
0 0.542578 0.323611 0.035156 0.038889
0 0.534766 0.409028 0.028906 0.051389
0 0.548438 0.462500 0.023438 0.069444
0 0.573828 0.428472 0.036719 0.051389
0 0.603516 0.383333 0.019531 0.063889
0 0.410938 0.610417 0.020313 0.065278
0 0.434766 0.630556 0.025781 0.066667
0 0.667969 0.582639 0.023438 0.065278
0 0.686719 0.381944 0.025000 0.061111
0 0.719531 0.426389 0.021875 0.066667
0 0.693359 0.560417 0.022656 0.068056
0 0.714453 0.543750 0.025781 0.056944
0 0.767578 0.600000 0.038281 0.047222
0 0.801172 0.336806 0.022656 0.054167
