0 0.375391 0.379167 0.021094 0.066667
0 0.522656 0.429861 0.037500 0.037500
0 0.535547 0.382639 0.030469 0.062500
0 0.433594 0.162500 0.018750 0.066667
0 0.552344 0.306944 0.026562 0.066667
0 0.564063 0.138194 0.015625 0.068056
0 0.632812 0.105556 0.017188 0.041667
0 0.662500 0.029167 0.028125 0.050000
0 0.724609 0.302083 0.019531 0.065278
0 0.638281 0.477083 0.025000 0.065278
0 0.735156 0.427778 0.021875 0.072222
0 0.827734 0.314583 0.017969 0.073611
0 0.843359 0.397222 0.021094 0.066667
0 0.712891 0.563889 0.022656 0.041667
0 0.630078 0.627083 0.016406 0.081944
0 0.621875 0.727778 0.028125 0.055556
0 0.782031 0.643056 0.012500 0.075000
0 0.789062 0.680556 0.043750 0.027778
