2 0.301172 0.417361 0.016406 0.095833
2 0.295312 0.520139 0.026562 0.098611
2 0.325000 0.509028 0.029687 0.081944
2 0.358203 0.494444 0.047656 0.066667
2 0.414844 0.471528 0.020313 0.084722
2 0.435156 0.455556 0.026562 0.097222
2 0.447656 0.542361 0.048438 0.065278
2 0.465234 0.606944 0.042969 0.072222
2 0.336719 0.619444 0.042188 0.072222
2 0.355859 0.661806 0.038281 0.065278
2 0.384766 0.752778 0.033594 0.088889
2 0.379297 0.794444 0.032031 0.077778
2 0.353516 0.799306 0.033594 0.095833
2 0.504297 0.813194 0.025781 0.104167
2 0.618359 0.877083 0.033594 0.093056
