0 0.488672 0.111806 0.033594 0.062500
0 0.388281 0.213194 0.020313 0.068056
0 0.360547 0.264583 0.022656 0.068056
0 0.431250 0.245833 0.040625 0.038889
0 0.392969 0.311111 0.035937 0.050000
0 0.406641 0.347917 0.042969 0.031944
0 0.499609 0.250694 0.039844 0.051389
0 0.609766 0.085417 0.014844 0.068056
0 0.630469 0.059722 0.021875 0.072222
0 0.592578 0.384028 0.039844 0.031944
0 0.473438 0.531250 0.020313 0.065278
0 0.470703 0.893750 0.024219 0.065278
0 0.514453 0.863889 0.041406 0.058333
0 0.610156 0.646528 0.025000 0.073611
0 0.635938 0.390278 0.029687 0.061111
0 0.654687 0.381250 0.031250 0.068056
0 0.771484 0.520139 0.022656 0.043056
0 0.658984 0.627083 0.038281 0.029167
0 0.637500 0.737500 0.042188 0.036111
0 0.685156 0.630556 0.018750 0.066667
