0 0.352734 0.399306 0.030469 0.056944
0 0.382812 0.195833 0.034375 0.047222
0 0.531250 0.379167 0.028125 0.066667
0 0.523047 0.427083 0.039844 0.034722
0 0.558984 0.303472 0.025781 0.076389
0 0.568359 0.140278 0.025781 0.075000
0 0.436719 0.022222 0.040625 0.033333
0 0.631250 0.103472 0.023438 0.040278
0 0.662891 0.027083 0.036719 0.043056
0 0.642578 0.490278 0.025781 0.066667
0 0.636328 0.627083 0.017969 0.070833
0 0.607812 0.715972 0.020313 0.065278
0 0.709766 0.561806 0.022656 0.037500
0 0.738281 0.425000 0.018750 0.069444
0 0.753125 0.306250 0.018750 0.056944
0 0.835547 0.316667 0.017969 0.069444
0 0.781250 0.646528 0.015625 0.068056
0 0.793359 0.680556 0.035156 0.033333
0 0.839453 0.404167 0.024219 0.069444
