0 0.349219 0.221528 0.029687 0.065278
0 0.341406 0.323611 0.029687 0.058333
0 0.407422 0.188889 0.011719 0.072222
0 0.444922 0.147917 0.028906 0.068056
0 0.507812 0.090972 0.017188 0.034722
0 0.468750 0.106250 0.031250 0.059722
0 0.566797 0.185417 0.033594 0.065278
0 0.651563 0.221528 0.020313 0.065278
0 0.502734 0.383333 0.038281 0.033333
0 0.544531 0.322917 0.026562 0.070833
0 0.646094 0.393750 0.035937 0.056944
0 0.700781 0.384722 0.021875 0.086111
0 0.780859 0.552083 0.022656 0.031944
0 0.673828 0.626389 0.039844 0.030556
0 0.737891 0.686806 0.041406 0.040278
0 0.522266 0.687500 0.019531 0.075000
0 0.465234 0.740972 0.021094 0.065278
0 0.456250 0.876389 0.037500 0.044444
0 0.549609 0.767361 0.038281 0.037500
0 0.630469 0.672917 0.021875 0.073611
