2 0.359766 0.156250 0.038281 0.079167
2 0.290625 0.424306 0.018750 0.106944
2 0.307422 0.441667 0.019531 0.102778
2 0.361719 0.527083 0.042188 0.070833
2 0.425391 0.497222 0.033594 0.077778
2 0.308203 0.672222 0.028906 0.086111
2 0.337891 0.643750 0.057031 0.045833
2 0.342578 0.705556 0.046094 0.058333
2 0.386328 0.758333 0.014844 0.097222
2 0.460156 0.866667 0.031250 0.091667
2 0.513281 0.905556 0.028125 0.102778
2 0.552344 0.955556 0.054688 0.047222
2 0.609766 0.951389 0.058594 0.044444
2 0.538672 0.700694 0.058594 0.045833
2 0.564063 0.666667 0.054688 0.047222
