2 0.344531 0.289583 0.026562 0.098611
2 0.306641 0.500000 0.042969 0.077778
2 0.501563 0.519444 0.026562 0.091667
2 0.399609 0.697917 0.061719 0.065278
2 0.450000 0.790278 0.042188 0.083333
2 0.492188 0.829167 0.035937 0.088889
2 0.586719 0.638889 0.023438 0.105556
2 0.631250 0.828472 0.053125 0.087500
2 0.670703 0.877083 0.052344 0.037500
2 0.723828 0.830556 0.057031 0.047222
2 0.738281 0.850000 0.051562 0.047222
2 0.687891 0.934028 0.064844 0.037500
2 0.734375 0.469444 0.025000 0.102778
2 0.785547 0.532639 0.032031 0.084722
2 0.853906 0.506250 0.064062 0.045833
