0 0.312891 0.483333 0.032031 0.050000
0 0.422656 0.511111 0.031250 0.055556
0 0.406641 0.559722 0.022656 0.061111
0 0.339453 0.756250 0.024219 0.076389
0 0.412891 0.046528 0.036719 0.034722
0 0.421094 0.214583 0.014063 0.073611
0 0.535937 0.132639 0.037500 0.018056
0 0.571484 0.106944 0.039844 0.038889
0 0.539062 0.272222 0.037500 0.033333
0 0.568359 0.394444 0.036719 0.036111
0 0.598437 0.477083 0.035937 0.040278
0 0.629297 0.377083 0.021094 0.068056
0 0.631641 0.298611 0.038281 0.025000
0 0.630859 0.258333 0.016406 0.072222
0 0.711328 0.394444 0.039844 0.036111
0 0.731641 0.445139 0.028906 0.068056
0 0.819531 0.334722 0.025000 0.066667
0 0.744922 0.593750 0.035156 0.054167
0 0.670703 0.668056 0.039844 0.041667
0 0.739062 0.677778 0.026562 0.058333
