2 0.317969 0.353472 0.015625 0.095833
2 0.453906 0.154167 0.035937 0.088889
2 0.468359 0.221528 0.039844 0.076389
2 0.560547 0.354861 0.039844 0.081944
2 0.590625 0.155556 0.042188 0.086111
2 0.635547 0.086806 0.013281 0.109722
2 0.481641 0.733333 0.019531 0.105556
2 0.486719 0.823611 0.053125 0.050000
2 0.596484 0.834722 0.033594 0.091667
2 0.649609 0.920833 0.053906 0.027778
2 0.646094 0.823611 0.057813 0.047222
2 0.643359 0.587500 0.030469 0.097222
2 0.667578 0.651389 0.042969 0.075000
2 0.676562 0.580556 0.034375 0.097222
2 0.764453 0.796528 0.057031 0.056944
