2 0.308203 0.473611 0.022656 0.097222
2 0.493359 0.415278 0.061719 0.050000
2 0.558594 0.284722 0.032813 0.083333
2 0.422266 0.210417 0.032031 0.093056
2 0.393750 0.075694 0.056250 0.062500
2 0.683594 0.140278 0.048438 0.072222
2 0.638672 0.620833 0.033594 0.083333
2 0.729297 0.659028 0.039844 0.098611
2 0.712500 0.741667 0.029687 0.091667
2 0.651172 0.805556 0.028906 0.102778
2 0.489453 0.881250 0.010156 0.104167
2 0.458594 0.840278 0.020313 0.102778
2 0.671875 0.890972 0.045312 0.084722
2 0.610156 0.978472 0.059375 0.029167
2 0.782813 0.827083 0.050000 0.076389
