0 0.416406 0.129861 0.034375 0.045833
0 0.509766 0.105556 0.039844 0.030556
0 0.609766 0.123611 0.041406 0.036111
0 0.757031 0.143750 0.018750 0.076389
0 0.350000 0.305556 0.031250 0.063889
0 0.375000 0.278472 0.029687 0.040278
0 0.337891 0.402083 0.035156 0.045833
0 0.317969 0.488194 0.023438 0.062500
0 0.499609 0.363194 0.039844 0.031944
0 0.503906 0.565972 0.034375 0.048611
0 0.621875 0.417361 0.032813 0.054167
0 0.630078 0.347222 0.022656 0.038889
0 0.681641 0.315278 0.019531 0.033333
0 0.673047 0.631944 0.036719 0.047222
0 0.578516 0.685417 0.041406 0.045833
0 0.567969 0.841667 0.035937 0.055556
0 0.532422 0.947222 0.016406 0.075000
0 0.651172 0.902778 0.024219 0.047222
0 0.737891 0.734722 0.041406 0.038889
