0 0.365625 0.138889 0.014063 0.069444
0 0.342578 0.225000 0.014844 0.025000
0 0.298828 0.325694 0.033594 0.054167
0 0.404687 0.513889 0.029687 0.061111
0 0.535547 0.467361 0.017969 0.068056
0 0.396484 0.860417 0.019531 0.068056
0 0.590234 0.842361 0.025781 0.062500
0 0.691406 0.845139 0.020313 0.068056
0 0.587500 0.525000 0.026562 0.066667
0 0.632031 0.486111 0.037500 0.030556
0 0.647656 0.385417 0.020313 0.068056
0 0.561719 0.146528 0.037500 0.031944
0 0.553516 0.063889 0.025781 0.058333
0 0.633594 0.071528 0.021875 0.070833
0 0.630078 0.136111 0.024219 0.072222
0 0.744922 0.256250 0.022656 0.070833
0 0.832031 0.500694 0.045312 0.023611
0 0.816406 0.661806 0.025000 0.040278
0 0.770312 0.766667 0.028125 0.072222
