0 0.343359 0.167361 0.022656 0.068056
0 0.321484 0.213889 0.025781 0.061111
0 0.342187 0.275694 0.009375 0.059722
0 0.326562 0.246528 0.025000 0.051389
0 0.287109 0.464583 0.008594 0.062500
0 0.383203 0.228472 0.022656 0.068056
0 0.440625 0.238194 0.018750 0.065278
0 0.455469 0.331944 0.039062 0.027778
0 0.466406 0.379861 0.018750 0.065278
0 0.468750 0.413889 0.028125 0.061111
0 0.469531 0.445139 0.032813 0.051389
0 0.692578 0.418056 0.032031 0.050000
0 0.541797 0.629167 0.024219 0.066667
0 0.440625 0.893056 0.042188 0.033333
0 0.600391 0.804167 0.041406 0.033333
0 0.774609 0.706250 0.039844 0.034722
0 0.746484 0.515278 0.038281 0.033333
0 0.746875 0.538889 0.037500 0.041667
0 0.834766 0.683333 0.017969 0.066667
0 0.589063 0.969444 0.010937 0.061111
