0 0.321484 0.240972 0.033594 0.065278
0 0.369922 0.127083 0.033594 0.059722
0 0.663281 0.188194 0.040625 0.031944
0 0.559375 0.238889 0.018750 0.066667
0 0.451562 0.254167 0.035937 0.044444
0 0.465234 0.237500 0.035156 0.036111
0 0.455469 0.479861 0.018750 0.065278
0 0.567187 0.459722 0.034375 0.061111
0 0.641797 0.463194 0.039844 0.034722
0 0.682422 0.409028 0.021094 0.068056
0 0.716016 0.237500 0.025781 0.036111
0 0.753516 0.338194 0.028906 0.054167
0 0.770703 0.346528 0.019531 0.043056
0 0.864453 0.404861 0.011719 0.065278
0 0.603516 0.593750 0.024219 0.037500
0 0.583594 0.621528 0.021875 0.043056
0 0.400781 0.845139 0.037500 0.048611
0 0.728125 0.677083 0.028125 0.073611
0 0.788672 0.675694 0.036719 0.068056
