2 0.497656 0.117361 0.059375 0.037500
2 0.312500 0.286111 0.028125 0.086111
2 0.329688 0.363194 0.023438 0.095833
2 0.358594 0.527083 0.032813 0.084722
2 0.407031 0.474306 0.050000 0.070833
2 0.506641 0.434028 0.042969 0.073611
2 0.405078 0.603472 0.036719 0.087500
2 0.401562 0.693056 0.026562 0.097222
2 0.484375 0.695139 0.023438 0.106944
2 0.552734 0.743056 0.046094 0.069444
2 0.634766 0.628472 0.041406 0.073611
2 0.683203 0.509722 0.053906 0.058333
2 0.676172 0.870139 0.028906 0.095833
2 0.701172 0.827083 0.013281 0.093056
2 0.666797 0.959028 0.052344 0.068056
