0 0.294531 0.351389 0.020313 0.077778
0 0.358203 0.443056 0.028906 0.066667
0 0.457031 0.291667 0.025000 0.066667
0 0.465234 0.233333 0.036719 0.041667
0 0.473047 0.029167 0.027344 0.055556
0 0.661719 0.069444 0.040625 0.036111
0 0.500391 0.456944 0.025781 0.063889
0 0.550000 0.377778 0.026562 0.066667
0 0.560547 0.400694 0.030469 0.051389
0 0.600781 0.389583 0.040625 0.037500
0 0.494922 0.630556 0.028906 0.069444
0 0.625781 0.578472 0.042188 0.048611
0 0.631641 0.647917 0.024219 0.068056
0 0.696094 0.847222 0.042188 0.027778
0 0.682031 0.896528 0.015625 0.073611
0 0.732812 0.836806 0.021875 0.076389
0 0.792969 0.781944 0.031250 0.072222
0 0.769141 0.653472 0.032031 0.059722
0 0.787891 0.435417 0.041406 0.029167
0 0.828906 0.244444 0.037500 0.058333
