2 0.316016 0.361806 0.067969 0.040278
2 0.322266 0.259028 0.013281 0.101389
2 0.408984 0.654861 0.044531 0.079167
2 0.505469 0.897222 0.045312 0.094444
2 0.623828 0.865278 0.060156 0.044444
2 0.719922 0.806250 0.049219 0.062500
2 0.743750 0.886806 0.039062 0.093056
2 0.781250 0.737500 0.050000 0.072222
2 0.693359 0.549306 0.027344 0.104167
2 0.550781 0.483333 0.051562 0.052778
2 0.596094 0.597222 0.039062 0.083333
2 0.626172 0.506944 0.044531 0.097222
2 0.696484 0.477778 0.055469 0.066667
2 0.767969 0.595139 0.042188 0.090278
2 0.780859 0.663194 0.030469 0.115278
