2 0.295312 0.536111 0.021875 0.091667
2 0.350781 0.282639 0.018750 0.101389
2 0.496484 0.349306 0.050781 0.081944
2 0.538281 0.275000 0.014063 0.094444
2 0.511719 0.149306 0.046875 0.073611
2 0.466406 0.140972 0.032813 0.081944
2 0.398828 0.761111 0.024219 0.097222
2 0.623047 0.654861 0.050781 0.065278
2 0.785547 0.567361 0.053906 0.070833
2 0.693750 0.756944 0.037500 0.088889
2 0.630469 0.800694 0.031250 0.093056
2 0.573047 0.928472 0.021094 0.098611
2 0.534766 0.917361 0.057031 0.043056
2 0.697656 0.918750 0.028125 0.095833
2 0.740625 0.853472 0.043750 0.068056
