2 0.318359 0.314583 0.035156 0.087500
2 0.338281 0.394444 0.037500 0.083333
2 0.327344 0.506944 0.057813 0.044444
2 0.368359 0.515972 0.039844 0.070833
2 0.310156 0.595833 0.026562 0.100000
2 0.376172 0.631944 0.024219 0.111111
2 0.405078 0.695833 0.030469 0.102778
2 0.430078 0.763194 0.046094 0.056944
2 0.459375 0.652778 0.026562 0.097222
2 0.498437 0.550694 0.050000 0.048611
2 0.499219 0.763889 0.054688 0.033333
2 0.476562 0.799306 0.057813 0.031944
2 0.506250 0.837500 0.065625 0.033333
2 0.559766 0.906944 0.047656 0.080556
2 0.698828 0.846528 0.041406 0.076389
