0 0.345313 0.256944 0.037500 0.038889
0 0.407422 0.240972 0.027344 0.059722
0 0.451562 0.193056 0.029687 0.058333
0 0.559766 0.144444 0.035156 0.055556
0 0.601562 0.186111 0.028125 0.061111
0 0.671484 0.231944 0.028906 0.058333
0 0.792969 0.166667 0.018750 0.063889
0 0.522266 0.331944 0.017969 0.077778
0 0.369141 0.358333 0.021094 0.063889
0 0.288672 0.429167 0.019531 0.075000
0 0.440625 0.486111 0.025000 0.061111
0 0.454297 0.611111 0.014844 0.036111
0 0.553906 0.465278 0.029687 0.063889
0 0.601172 0.408333 0.027344 0.069444
0 0.685156 0.399306 0.034375 0.056944
0 0.693359 0.522222 0.033594 0.058333
0 0.693359 0.615278 0.017969 0.069444
0 0.748828 0.557639 0.044531 0.048611
0 0.784375 0.625000 0.021875 0.033333
0 0.773438 0.503472 0.021875 0.037500
