0 0.333984 0.218750 0.024219 0.068056
0 0.430859 0.038889 0.027344 0.069444
0 0.482812 0.079861 0.006250 0.068056
0 0.642969 0.196528 0.017188 0.070833
0 0.523828 0.311111 0.014844 0.066667
0 0.770312 0.322917 0.035937 0.059722
0 0.477734 0.452083 0.016406 0.062500
0 0.496094 0.454167 0.018750 0.066667
0 0.423828 0.473611 0.021094 0.058333
0 0.429688 0.508333 0.021875 0.069444
0 0.606250 0.422222 0.021875 0.063889
0 0.618359 0.445139 0.032031 0.059722
0 0.634375 0.508333 0.025000 0.063889
0 0.761328 0.503472 0.017969 0.068056
0 0.860547 0.606944 0.030469 0.058333
0 0.674609 0.746528 0.011719 0.068056
0 0.669531 0.613889 0.010937 0.061111
0 0.684766 0.611111 0.007031 0.066667
0 0.554297 0.801389 0.036719 0.036111
0 0.477734 0.901389 0.025781 0.063889
