0 0.313672 0.256944 0.025781 0.066667
0 0.386328 0.159722 0.033594 0.052778
0 0.380078 0.086806 0.030469 0.065278
0 0.489844 0.032639 0.040625 0.051389
0 0.560547 0.062500 0.021094 0.069444
0 0.732422 0.072917 0.036719 0.054167
0 0.794531 0.137500 0.020313 0.069444
0 0.712109 0.313194 0.033594 0.051389
0 0.474219 0.380556 0.025000 0.069444
0 0.550391 0.404167 0.036719 0.058333
0 0.633594 0.497222 0.029687 0.066667
0 0.676562 0.407639 0.025000 0.068056
0 0.716016 0.452778 0.027344 0.075000
0 0.503125 0.687500 0.039062 0.041667
0 0.346484 0.787500 0.030469 0.061111
0 0.605859 0.795833 0.021094 0.036111
0 0.764844 0.622222 0.026562 0.072222
0 0.840234 0.661806 0.030469 0.065278
0 0.789453 0.765278 0.038281 0.058333
