2 0.298828 0.497917 0.025781 0.098611
2 0.300391 0.609028 0.025781 0.101389
2 0.347656 0.682639 0.050000 0.051389
2 0.344922 0.486111 0.035156 0.088889
2 0.350000 0.529167 0.032813 0.086111
2 0.391016 0.454861 0.030469 0.090278
2 0.402344 0.442361 0.028125 0.095833
2 0.424609 0.439583 0.021094 0.101389
2 0.466016 0.602083 0.049219 0.079167
2 0.444141 0.535417 0.046094 0.070833
2 0.356641 0.786806 0.030469 0.098611
2 0.378516 0.777083 0.032031 0.084722
2 0.389453 0.745833 0.019531 0.091667
2 0.467578 0.851389 0.047656 0.069444
2 0.645312 0.861111 0.018750 0.105556
