2 0.307422 0.404861 0.060156 0.040278
2 0.328516 0.263889 0.030469 0.097222
2 0.522266 0.429167 0.035156 0.097222
2 0.597656 0.638889 0.035937 0.100000
2 0.407031 0.692361 0.054688 0.059722
2 0.517578 0.927083 0.053906 0.065278
2 0.592578 0.877778 0.057031 0.052778
2 0.732422 0.875694 0.035156 0.087500
2 0.716406 0.806944 0.046875 0.066667
2 0.685547 0.622222 0.025781 0.041667
2 0.716406 0.544444 0.042188 0.066667
2 0.740234 0.422222 0.016406 0.083333
2 0.739062 0.620833 0.029687 0.094444
2 0.759375 0.704861 0.040625 0.084722
2 0.768750 0.760417 0.057813 0.056944
