2 0.332422 0.220139 0.027344 0.090278
2 0.326953 0.486806 0.041406 0.084722
2 0.360156 0.492361 0.020313 0.095833
2 0.421875 0.448611 0.034375 0.088889
2 0.358594 0.559028 0.046875 0.054167
2 0.434766 0.675694 0.044531 0.062500
2 0.540234 0.665278 0.055469 0.033333
2 0.530469 0.703472 0.064062 0.056944
2 0.428516 0.749306 0.036719 0.093056
2 0.420312 0.810417 0.021875 0.084722
2 0.393750 0.836111 0.007812 0.097222
2 0.405859 0.850000 0.019531 0.097222
2 0.451172 0.856944 0.044531 0.058333
2 0.537891 0.936111 0.033594 0.102778
2 0.584766 0.951389 0.072656 0.050000
