0 0.390625 0.072917 0.037500 0.045833
0 0.431250 0.168056 0.037500 0.016667
0 0.455078 0.154861 0.017969 0.068056
0 0.465625 0.190278 0.037500 0.033333
0 0.439063 0.371528 0.037500 0.026389
0 0.324219 0.701389 0.034375 0.044444
0 0.562109 0.363194 0.016406 0.068056
0 0.576172 0.451389 0.032031 0.050000
0 0.590234 0.509722 0.021094 0.077778
0 0.583594 0.635417 0.040625 0.040278
0 0.609766 0.529861 0.036719 0.026389
0 0.618750 0.493056 0.020313 0.072222
0 0.676562 0.440278 0.039062 0.033333
0 0.730078 0.572222 0.039844 0.033333
0 0.796094 0.511111 0.039062 0.033333
0 0.854297 0.438889 0.027344 0.069444
0 0.828125 0.238889 0.020313 0.066667
0 0.770312 0.107639 0.043750 0.051389
