0 0.366406 0.130556 0.032813 0.058333
0 0.366406 0.214583 0.040625 0.045833
0 0.385547 0.292361 0.042969 0.034722
0 0.402734 0.215972 0.017969 0.040278
0 0.461328 0.240972 0.027344 0.056944
0 0.608984 0.127083 0.033594 0.056944
0 0.635547 0.289583 0.028906 0.062500
0 0.678516 0.305556 0.041406 0.038889
0 0.725000 0.484028 0.037500 0.048611
0 0.533984 0.522917 0.016406 0.068056
0 0.355469 0.543750 0.029687 0.059722
0 0.405469 0.590972 0.034375 0.054167
0 0.546094 0.570139 0.039062 0.045833
0 0.598047 0.511806 0.035156 0.056944
0 0.582031 0.663194 0.015625 0.068056
0 0.689453 0.592361 0.033594 0.054167
0 0.781641 0.677778 0.041406 0.044444
0 0.601562 0.853472 0.035937 0.026389
0 0.442188 0.888889 0.037500 0.030556
