2 0.309375 0.320139 0.031250 0.084722
2 0.307031 0.379167 0.037500 0.066667
2 0.372266 0.360417 0.013281 0.098611
2 0.376172 0.561111 0.050781 0.044444
2 0.326172 0.604861 0.019531 0.101389
2 0.370312 0.633333 0.012500 0.097222
2 0.404297 0.709722 0.057031 0.052778
2 0.444922 0.649306 0.050781 0.087500
2 0.451953 0.522222 0.027344 0.091667
2 0.504297 0.559028 0.053906 0.054167
2 0.473438 0.727083 0.042188 0.073611
2 0.453125 0.804861 0.050000 0.045833
2 0.519922 0.818056 0.074219 0.044444
2 0.600000 0.964583 0.056250 0.070833
2 0.669531 0.856250 0.035937 0.087500
