2 0.478125 0.118750 0.025000 0.076389
2 0.390625 0.234028 0.046875 0.087500
2 0.312500 0.381250 0.023438 0.098611
2 0.346484 0.549306 0.035156 0.093056
2 0.401562 0.615972 0.050000 0.065278
2 0.436328 0.432639 0.044531 0.070833
2 0.585938 0.518056 0.056250 0.041667
2 0.582422 0.559028 0.057031 0.040278
2 0.485156 0.703472 0.020313 0.095833
2 0.564063 0.668750 0.039062 0.079167
2 0.679297 0.669444 0.060156 0.050000
2 0.644531 0.814583 0.026562 0.098611
2 0.714844 0.834722 0.025000 0.091667
2 0.732422 0.847917 0.044531 0.068056
2 0.714844 0.913194 0.048438 0.065278
