0 0.657031 0.131250 0.025000 0.059722
0 0.640234 0.038889 0.035156 0.047222
0 0.667969 0.059722 0.017188 0.066667
0 0.638672 0.082639 0.039844 0.037500
0 0.465234 0.313889 0.021094 0.063889
0 0.480859 0.328472 0.017969 0.068056
0 0.370312 0.259722 0.025000 0.063889
0 0.337500 0.166667 0.020313 0.063889
0 0.316797 0.222222 0.025781 0.055556
0 0.323437 0.247917 0.029687 0.045833
0 0.335156 0.279861 0.009375 0.056944
0 0.341406 0.377778 0.031250 0.052778
0 0.281641 0.465278 0.007031 0.058333
0 0.672656 0.687500 0.017188 0.066667
0 0.573438 0.661111 0.031250 0.055556
0 0.590625 0.688194 0.023438 0.068056
0 0.527734 0.718750 0.032031 0.059722
0 0.542578 0.763889 0.036719 0.050000
0 0.438672 0.913889 0.044531 0.027778
0 0.593359 0.976389 0.016406 0.047222
