0 0.431250 0.040278 0.026562 0.069444
0 0.333203 0.218750 0.030469 0.065278
0 0.485938 0.075694 0.012500 0.065278
0 0.642969 0.197917 0.015625 0.068056
0 0.525391 0.312500 0.014844 0.069444
0 0.771484 0.326389 0.033594 0.061111
0 0.424219 0.473611 0.020313 0.063889
0 0.429297 0.517361 0.024219 0.084722
0 0.478125 0.454167 0.014063 0.066667
0 0.497656 0.456250 0.023438 0.065278
0 0.603906 0.422917 0.018750 0.065278
0 0.620703 0.442361 0.028906 0.054167
0 0.635156 0.509028 0.023438 0.062500
0 0.761328 0.504861 0.019531 0.070833
0 0.862109 0.606250 0.028906 0.062500
0 0.552344 0.801389 0.040625 0.025000
0 0.476172 0.901389 0.022656 0.063889
0 0.675781 0.750000 0.023438 0.069444
0 0.671094 0.615278 0.018750 0.063889
0 0.684375 0.613889 0.015625 0.075000
