2 0.448437 0.047222 0.043750 0.066667
2 0.407422 0.388194 0.053906 0.056944
2 0.450391 0.414583 0.052344 0.068056
2 0.345313 0.560417 0.053125 0.043056
2 0.425781 0.609028 0.050000 0.040278
2 0.461328 0.709722 0.050781 0.036111
2 0.561719 0.618750 0.031250 0.087500
2 0.535547 0.309028 0.027344 0.093056
2 0.643359 0.377778 0.030469 0.091667
2 0.550391 0.877083 0.057031 0.045833
2 0.643359 0.935417 0.030469 0.095833
2 0.664844 0.839583 0.031250 0.090278
2 0.687891 0.811111 0.022656 0.097222
2 0.693750 0.756250 0.043750 0.076389
2 0.741797 0.865278 0.055469 0.052778
