2 0.357812 0.189583 0.046875 0.084722
2 0.333984 0.429861 0.028906 0.101389
2 0.326953 0.557639 0.022656 0.098611
2 0.509375 0.422917 0.029687 0.081944
2 0.641797 0.426389 0.036719 0.086111
2 0.489453 0.681250 0.060156 0.040278
2 0.467969 0.876389 0.035937 0.086111
2 0.589844 0.907639 0.028125 0.093056
2 0.692187 0.706944 0.042188 0.080556
2 0.754687 0.834722 0.032813 0.094444
2 0.798047 0.697917 0.019531 0.098611
2 0.833594 0.727778 0.031250 0.091667
2 0.835547 0.640972 0.061719 0.062500
2 0.846875 0.396528 0.057813 0.051389
2 0.697266 0.369444 0.035156 0.094444
