0 0.423828 0.215278 0.022656 0.063889
0 0.464453 0.241667 0.022656 0.072222
0 0.526563 0.232639 0.020313 0.068056
0 0.480469 0.365972 0.031250 0.048611
0 0.517188 0.491667 0.035937 0.058333
0 0.586328 0.522222 0.041406 0.036111
0 0.605469 0.345139 0.034375 0.045833
0 0.616016 0.213889 0.039844 0.041667
0 0.660937 0.359722 0.034375 0.033333
0 0.683984 0.353472 0.014844 0.079167
0 0.767578 0.409722 0.011719 0.033333
0 0.610938 0.786111 0.046875 0.022222
0 0.802344 0.661111 0.032813 0.063889
0 0.794531 0.790278 0.020313 0.066667
0 0.813672 0.719444 0.016406 0.052778
0 0.818750 0.769444 0.028125 0.063889
0 0.838281 0.309722 0.040625 0.036111
0 0.842969 0.258333 0.017188 0.066667
0 0.790234 0.165278 0.035156 0.061111
