2 0.328906 0.370139 0.032813 0.084722
2 0.358203 0.400694 0.013281 0.106944
2 0.299219 0.497222 0.025000 0.105556
2 0.333984 0.579167 0.052344 0.063889
2 0.328906 0.656250 0.018750 0.106944
2 0.372266 0.660417 0.022656 0.104167
2 0.378516 0.736806 0.055469 0.048611
2 0.438672 0.645139 0.050781 0.045833
2 0.430859 0.532639 0.028906 0.087500
2 0.453125 0.457639 0.029687 0.104167
2 0.460156 0.737500 0.057813 0.033333
2 0.451562 0.772222 0.051562 0.033333
2 0.482422 0.784028 0.041406 0.073611
2 0.623437 0.900694 0.054688 0.062500
2 0.641797 0.843056 0.025781 0.088889
