0 0.410547 0.078472 0.039844 0.037500
0 0.461719 0.028472 0.021875 0.054167
0 0.342578 0.179861 0.013281 0.076389
0 0.391797 0.224306 0.024219 0.062500
0 0.371484 0.382639 0.042969 0.029167
0 0.319141 0.421528 0.021094 0.070833
0 0.294922 0.381250 0.036719 0.043056
0 0.301953 0.334722 0.039844 0.030556
0 0.618359 0.133333 0.038281 0.058333
0 0.613281 0.259028 0.023438 0.068056
0 0.651172 0.279861 0.022656 0.070833
0 0.689844 0.316667 0.018750 0.072222
0 0.757422 0.104167 0.022656 0.069444
0 0.631250 0.500694 0.037500 0.045833
0 0.503125 0.756250 0.029687 0.062500
0 0.540625 0.713889 0.037500 0.038889
0 0.596094 0.721528 0.037500 0.026389
0 0.542969 0.754167 0.037500 0.041667
0 0.640234 0.757639 0.027344 0.045833
0 0.646875 0.821528 0.037500 0.051389
