2 0.410938 0.170833 0.056250 0.033333
2 0.407031 0.250000 0.040625 0.088889
2 0.306250 0.466667 0.017188 0.097222
2 0.579297 0.097917 0.053906 0.048611
2 0.518359 0.312500 0.033594 0.094444
2 0.543359 0.338194 0.028906 0.098611
2 0.639844 0.404861 0.040625 0.090278
2 0.449609 0.861806 0.017969 0.101389
2 0.557813 0.837500 0.043750 0.072222
2 0.576562 0.898611 0.035937 0.075000
2 0.640234 0.925000 0.032031 0.088889
2 0.677344 0.851389 0.050000 0.075000
2 0.680469 0.740972 0.035937 0.084722
2 0.758984 0.752083 0.064844 0.031944
2 0.764062 0.684028 0.062500 0.048611
