2 0.297266 0.470833 0.022656 0.094444
2 0.467578 0.401389 0.061719 0.061111
2 0.525781 0.322917 0.056250 0.065278
2 0.405469 0.138194 0.051562 0.065278
2 0.534375 0.416667 0.026562 0.102778
2 0.494141 0.900000 0.038281 0.077778
2 0.442969 0.920139 0.064062 0.040278
2 0.576562 0.888889 0.023438 0.097222
2 0.625000 0.811111 0.014063 0.100000
2 0.657031 0.945139 0.056250 0.054167
2 0.725781 0.722222 0.028125 0.094444
2 0.681250 0.588194 0.032813 0.095833
2 0.723828 0.372917 0.030469 0.101389
2 0.763281 0.766667 0.056250 0.038889
