2 0.326953 0.395833 0.044531 0.063889
2 0.492969 0.286111 0.053125 0.063889
2 0.646094 0.419444 0.053125 0.041667
2 0.678125 0.478472 0.037500 0.068056
2 0.797266 0.270139 0.019531 0.087500
2 0.853516 0.470833 0.025781 0.091667
2 0.562109 0.549306 0.057031 0.029167
2 0.298828 0.579167 0.027344 0.100000
2 0.357031 0.804861 0.035937 0.087500
2 0.523828 0.697917 0.044531 0.059722
2 0.630469 0.831944 0.035937 0.083333
2 0.736328 0.877778 0.044531 0.075000
2 0.817578 0.645833 0.028906 0.080556
2 0.828125 0.683333 0.039062 0.063889
2 0.853516 0.668056 0.035156 0.091667
