0 0.366797 0.193750 0.021094 0.073611
0 0.451562 0.111806 0.042188 0.040278
0 0.439844 0.167361 0.017188 0.062500
0 0.424609 0.217361 0.021094 0.068056
0 0.398438 0.244444 0.039062 0.055556
0 0.550000 0.150694 0.035937 0.051389
0 0.516797 0.238194 0.028906 0.062500
0 0.760547 0.140278 0.033594 0.066667
0 0.667188 0.322917 0.021875 0.034722
0 0.630859 0.366667 0.016406 0.033333
0 0.646484 0.402083 0.014844 0.070833
0 0.700781 0.511806 0.017188 0.065278
0 0.691016 0.644444 0.013281 0.063889
0 0.296875 0.585417 0.039062 0.045833
0 0.389062 0.608333 0.020313 0.066667
0 0.487891 0.606250 0.036719 0.040278
0 0.528906 0.636111 0.023438 0.066667
0 0.565234 0.812500 0.030469 0.061111
0 0.618359 0.931944 0.024219 0.066667
0 0.496094 0.954861 0.031250 0.062500
