0 0.311719 0.528472 0.028125 0.054167
0 0.389453 0.629167 0.032031 0.061111
0 0.439844 0.444444 0.029687 0.036111
0 0.394141 0.088889 0.036719 0.044444
0 0.451562 0.106944 0.040625 0.033333
0 0.536719 0.209028 0.020313 0.073611
0 0.558984 0.259722 0.022656 0.061111
0 0.580078 0.091667 0.036719 0.030556
0 0.549609 0.052083 0.028906 0.062500
0 0.650000 0.375000 0.035937 0.036111
0 0.639062 0.466667 0.029687 0.058333
0 0.641797 0.504167 0.027344 0.055556
0 0.705859 0.582639 0.022656 0.073611
0 0.765625 0.584722 0.032813 0.061111
0 0.761328 0.402778 0.035156 0.063889
0 0.778516 0.370833 0.017969 0.080556
0 0.864844 0.431944 0.021875 0.063889
0 0.729688 0.674306 0.026562 0.062500
0 0.787500 0.693750 0.035937 0.068056
