2 0.321484 0.351389 0.025781 0.091667
2 0.361328 0.333333 0.033594 0.075000
2 0.362891 0.468750 0.042969 0.087500
2 0.294922 0.513889 0.019531 0.111111
2 0.316016 0.647917 0.021094 0.104167
2 0.365234 0.695833 0.053906 0.055556
2 0.378516 0.584722 0.049219 0.050000
2 0.413281 0.523611 0.015625 0.091667
2 0.555469 0.479861 0.026562 0.098611
2 0.460547 0.611806 0.044531 0.070833
2 0.524219 0.640278 0.028125 0.097222
2 0.593750 0.695139 0.060937 0.051389
2 0.501953 0.763194 0.042969 0.070833
2 0.420703 0.790972 0.025781 0.098611
2 0.578125 0.897222 0.050000 0.069444
