2 0.304688 0.309028 0.026562 0.093056
2 0.317969 0.354861 0.015625 0.095833
2 0.423828 0.063889 0.025781 0.091667
2 0.472656 0.412500 0.025000 0.094444
2 0.395703 0.510417 0.042969 0.065278
2 0.340234 0.576389 0.032031 0.088889
2 0.382812 0.585417 0.046875 0.059722
2 0.359375 0.737500 0.018750 0.102778
2 0.416406 0.713194 0.029687 0.095833
2 0.622656 0.594444 0.032813 0.083333
2 0.613672 0.743750 0.050781 0.062500
2 0.649219 0.678472 0.042188 0.087500
2 0.629297 0.921528 0.060156 0.051389
2 0.676562 0.837500 0.037500 0.088889
2 0.751172 0.888194 0.058594 0.051389
