0 0.302734 0.334722 0.033594 0.047222
0 0.332031 0.248611 0.040625 0.047222
0 0.395313 0.293056 0.034375 0.022222
0 0.395313 0.445139 0.034375 0.048611
0 0.630078 0.422917 0.017969 0.068056
0 0.491406 0.669444 0.029687 0.050000
0 0.581250 0.478472 0.026562 0.054167
0 0.521484 0.162500 0.035156 0.050000
0 0.671484 0.208333 0.041406 0.033333
0 0.704688 0.043056 0.037500 0.013889
0 0.767969 0.279167 0.035937 0.058333
0 0.834766 0.590972 0.022656 0.079167
0 0.619922 0.613194 0.041406 0.048611
0 0.608203 0.647222 0.039844 0.044444
0 0.707812 0.634028 0.035937 0.045833
0 0.798047 0.748611 0.046094 0.036111
0 0.852344 0.668750 0.014063 0.065278
0 0.604688 0.943750 0.034375 0.059722
