2 0.315234 0.348611 0.046094 0.077778
2 0.333984 0.436806 0.022656 0.090278
2 0.314844 0.526389 0.031250 0.091667
2 0.302344 0.573611 0.043750 0.075000
2 0.344922 0.536806 0.025781 0.095833
2 0.355078 0.620833 0.036719 0.080556
2 0.344141 0.764583 0.025781 0.098611
2 0.375391 0.781944 0.052344 0.077778
2 0.411328 0.750000 0.021094 0.100000
2 0.419141 0.584028 0.019531 0.090278
2 0.437891 0.524306 0.042969 0.073611
2 0.434766 0.450000 0.011719 0.094444
2 0.467969 0.611111 0.045312 0.077778
2 0.486328 0.806944 0.028906 0.094444
2 0.627734 0.847222 0.022656 0.091667
