2 0.311328 0.383333 0.035156 0.088889
2 0.347656 0.541667 0.028125 0.091667
2 0.354297 0.661806 0.039844 0.079167
2 0.374609 0.488889 0.017969 0.100000
2 0.389062 0.576389 0.017188 0.088889
2 0.410938 0.543056 0.034375 0.088889
2 0.444531 0.497222 0.053125 0.038889
2 0.566797 0.481944 0.025781 0.094444
2 0.523047 0.596528 0.044531 0.073611
2 0.528125 0.661806 0.023438 0.093056
2 0.583203 0.656944 0.016406 0.094444
2 0.368359 0.827083 0.027344 0.093056
2 0.391797 0.825000 0.021094 0.091667
2 0.522656 0.926389 0.050000 0.047222
2 0.637500 0.904167 0.040625 0.086111
