2 0.373437 0.227778 0.048438 0.069444
2 0.339844 0.350694 0.053125 0.054167
2 0.368750 0.538889 0.054688 0.047222
2 0.372656 0.595833 0.046875 0.058333
2 0.341406 0.662500 0.053125 0.052778
2 0.432422 0.804167 0.057031 0.033333
2 0.563672 0.909722 0.057031 0.044444
2 0.575391 0.708333 0.050781 0.058333
2 0.604688 0.781944 0.060937 0.041667
2 0.609766 0.654167 0.024219 0.105556
2 0.623828 0.647222 0.021094 0.100000
2 0.662891 0.716667 0.025781 0.094444
2 0.699609 0.781250 0.064844 0.026389
2 0.792578 0.613889 0.060156 0.044444
2 0.808203 0.647222 0.061719 0.030556
