0 0.434766 0.112500 0.036719 0.055556
0 0.365234 0.125694 0.030469 0.068056
0 0.486328 0.038889 0.035156 0.063889
0 0.323047 0.276389 0.042969 0.036111
0 0.343750 0.315972 0.018750 0.031944
0 0.423828 0.355556 0.024219 0.063889
0 0.425000 0.400000 0.032813 0.044444
0 0.581641 0.258333 0.025781 0.066667
0 0.548047 0.109722 0.019531 0.069444
0 0.660156 0.288889 0.042188 0.033333
0 0.632422 0.346528 0.028906 0.059722
0 0.471875 0.474306 0.028125 0.073611
0 0.628906 0.492361 0.020313 0.068056
0 0.476562 0.723611 0.015625 0.069444
0 0.519141 0.755556 0.028906 0.063889
0 0.580469 0.809722 0.025000 0.072222
0 0.678516 0.508333 0.021094 0.069444
0 0.765625 0.480556 0.017188 0.033333
0 0.660937 0.605556 0.039062 0.033333
0 0.683594 0.610417 0.015625 0.076389
