0 0.414844 0.034028 0.039062 0.040278
0 0.468750 0.032639 0.029687 0.051389
0 0.416016 0.256250 0.032031 0.043056
0 0.420312 0.394444 0.017188 0.072222
0 0.438281 0.368750 0.015625 0.068056
0 0.392578 0.483333 0.036719 0.038889
0 0.412500 0.741667 0.037500 0.036111
0 0.677344 0.700000 0.039062 0.050000
0 0.712891 0.553472 0.014844 0.059722
0 0.736719 0.551389 0.039062 0.022222
0 0.723437 0.504861 0.031250 0.056944
0 0.660156 0.424306 0.035937 0.054167
0 0.642188 0.318750 0.034375 0.037500
0 0.631250 0.255556 0.025000 0.058333
0 0.637109 0.111111 0.025781 0.069444
0 0.696875 0.320833 0.034375 0.052778
0 0.719141 0.400694 0.036719 0.051389
0 0.785156 0.396528 0.017188 0.081944
0 0.855078 0.482639 0.044531 0.045833
