2 0.367578 0.297222 0.019531 0.094444
2 0.464062 0.245139 0.045312 0.045833
2 0.469922 0.203472 0.055469 0.048611
2 0.474609 0.395833 0.042969 0.083333
2 0.371094 0.666667 0.059375 0.033333
2 0.320703 0.668750 0.030469 0.084722
2 0.435937 0.811111 0.020313 0.094444
2 0.605469 0.500694 0.053125 0.043056
2 0.564844 0.923611 0.031250 0.097222
2 0.593359 0.920833 0.033594 0.088889
2 0.632422 0.831250 0.044531 0.068056
2 0.659766 0.781944 0.041406 0.094444
2 0.707422 0.596528 0.028906 0.093056
2 0.718750 0.887500 0.037500 0.094444
2 0.723828 0.384722 0.030469 0.097222
