0 0.294922 0.340972 0.014844 0.068056
0 0.383203 0.136111 0.030469 0.061111
0 0.392969 0.112500 0.028125 0.061111
0 0.471484 0.099306 0.036719 0.056944
0 0.462500 0.265278 0.018750 0.033333
0 0.475000 0.274306 0.017188 0.076389
0 0.539453 0.500000 0.038281 0.044444
0 0.584766 0.453472 0.039844 0.029167
0 0.423828 0.613194 0.033594 0.051389
0 0.666406 0.489583 0.037500 0.043056
0 0.651172 0.386806 0.044531 0.040278
0 0.656641 0.070139 0.019531 0.068056
0 0.754297 0.231250 0.025781 0.076389
0 0.792969 0.170139 0.045312 0.045833
0 0.762891 0.486111 0.028906 0.038889
0 0.797266 0.531250 0.035156 0.043056
0 0.841797 0.579861 0.038281 0.059722
0 0.848828 0.602778 0.039844 0.052778
0 0.819531 0.680556 0.025000 0.069444
0 0.728516 0.843750 0.022656 0.073611
