0 0.359375 0.155556 0.042188 0.027778
0 0.343359 0.200694 0.033594 0.048611
0 0.380469 0.252778 0.026562 0.033333
0 0.378516 0.282639 0.036719 0.040278
0 0.575000 0.138194 0.039062 0.051389
0 0.594922 0.223611 0.039844 0.050000
0 0.595313 0.258333 0.042188 0.038889
0 0.635938 0.313194 0.031250 0.056944
0 0.564453 0.427083 0.028906 0.068056
0 0.361719 0.677778 0.034375 0.058333
0 0.358984 0.792361 0.019531 0.068056
0 0.533203 0.836111 0.032031 0.058333
0 0.560547 0.811806 0.024219 0.062500
0 0.546875 0.606250 0.031250 0.068056
0 0.581250 0.554861 0.042188 0.045833
0 0.591016 0.697222 0.027344 0.044444
0 0.665625 0.625000 0.029687 0.058333
0 0.705859 0.507639 0.027344 0.073611
0 0.749609 0.595833 0.039844 0.052778
