2 0.322266 0.374306 0.022656 0.098611
2 0.384375 0.169444 0.050000 0.072222
2 0.441406 0.190972 0.018750 0.104167
2 0.576172 0.209722 0.044531 0.080556
2 0.669531 0.041667 0.031250 0.080556
2 0.545703 0.371528 0.039844 0.068056
2 0.658594 0.602083 0.028125 0.079167
2 0.683594 0.568750 0.021875 0.093056
2 0.429297 0.927083 0.050781 0.062500
2 0.482031 0.852778 0.010937 0.094444
2 0.631250 0.911111 0.050000 0.036111
2 0.592187 0.796528 0.037500 0.084722
2 0.656250 0.765972 0.034375 0.079167
2 0.703906 0.820139 0.050000 0.068056
2 0.711719 0.865972 0.050000 0.062500
