0 0.363672 0.115278 0.028906 0.063889
0 0.366797 0.296528 0.027344 0.062500
0 0.612891 0.256944 0.038281 0.047222
0 0.605078 0.509722 0.041406 0.027778
0 0.517969 0.983333 0.040625 0.027778
0 0.741406 0.834028 0.040625 0.040278
0 0.778906 0.418750 0.042188 0.037500
0 0.868750 0.584028 0.017188 0.079167
0 0.837109 0.329861 0.036719 0.051389
0 0.823047 0.296528 0.036719 0.048611
0 0.636719 0.043056 0.025000 0.072222
0 0.630859 0.177083 0.017969 0.068056
0 0.646094 0.164583 0.014063 0.073611
0 0.667188 0.029861 0.025000 0.056944
0 0.731641 0.144444 0.017969 0.063889
0 0.753516 0.204167 0.016406 0.069444
0 0.713672 0.052083 0.022656 0.062500
0 0.776563 0.095139 0.023438 0.065278
0 0.770312 0.159028 0.035937 0.062500
0 0.810547 0.182639 0.044531 0.034722
