0 0.385937 0.189583 0.035937 0.051389
0 0.395313 0.125694 0.037500 0.037500
0 0.355078 0.715972 0.013281 0.059722
0 0.517969 0.581250 0.035937 0.026389
0 0.433594 0.342361 0.031250 0.062500
0 0.463672 0.245833 0.024219 0.036111
0 0.517578 0.371528 0.025781 0.065278
0 0.518359 0.431944 0.025781 0.066667
0 0.567578 0.515278 0.039844 0.058333
0 0.583984 0.575694 0.022656 0.040278
0 0.671484 0.329861 0.039844 0.045833
0 0.678906 0.497917 0.035937 0.051389
0 0.704297 0.579861 0.022656 0.073611
0 0.784766 0.513889 0.035156 0.052778
0 0.853516 0.615278 0.042969 0.036111
0 0.769531 0.406944 0.029687 0.072222
0 0.817969 0.278472 0.029687 0.068056
0 0.636328 0.068750 0.028906 0.068056
0 0.598047 0.014583 0.044531 0.026389
