0 0.352734 0.209028 0.032031 0.059722
0 0.367578 0.197222 0.035156 0.055556
0 0.459766 0.025000 0.030469 0.047222
0 0.534766 0.123611 0.021094 0.036111
0 0.547266 0.113889 0.028906 0.066667
0 0.640625 0.200694 0.025000 0.073611
0 0.600781 0.259028 0.018750 0.068056
0 0.576953 0.338889 0.024219 0.066667
0 0.407813 0.411111 0.023438 0.066667
0 0.560937 0.484028 0.037500 0.051389
0 0.667969 0.530556 0.035937 0.055556
0 0.771094 0.574306 0.040625 0.037500
0 0.500000 0.681944 0.018750 0.069444
0 0.408203 0.773611 0.030469 0.063889
0 0.487891 0.950694 0.028906 0.062500
0 0.535547 0.745139 0.038281 0.037500
0 0.562109 0.742361 0.013281 0.068056
0 0.631250 0.649306 0.039062 0.040278
0 0.668750 0.638889 0.039062 0.047222
0 0.369531 0.271528 0.021875 0.031944
