2 0.322266 0.275000 0.033594 0.086111
2 0.410547 0.245139 0.061719 0.034722
2 0.323047 0.365278 0.024219 0.105556
2 0.376172 0.528472 0.019531 0.095833
2 0.386328 0.597917 0.028906 0.076389
2 0.427344 0.460417 0.046875 0.073611
2 0.564063 0.520139 0.062500 0.031944
2 0.610547 0.385417 0.022656 0.095833
2 0.372656 0.790972 0.032813 0.084722
2 0.515234 0.681250 0.027344 0.090278
2 0.588281 0.619444 0.028125 0.097222
2 0.635547 0.781944 0.028906 0.094444
2 0.655469 0.822222 0.012500 0.102778
2 0.657813 0.880556 0.034375 0.088889
2 0.732422 0.843056 0.047656 0.072222
