0 0.425391 0.036806 0.033594 0.045833
0 0.485547 0.031944 0.032031 0.055556
0 0.376563 0.303472 0.021875 0.068056
0 0.447266 0.215972 0.030469 0.062500
0 0.465234 0.185417 0.038281 0.034722
0 0.462109 0.307639 0.027344 0.065278
0 0.428125 0.489583 0.032813 0.054167
0 0.325781 0.701389 0.023438 0.066667
0 0.585156 0.460417 0.018750 0.065278
0 0.667578 0.236111 0.036719 0.063889
0 0.553516 0.717361 0.028906 0.059722
0 0.605859 0.581250 0.035156 0.043056
0 0.656641 0.586111 0.017969 0.066667
0 0.661719 0.629861 0.034375 0.040278
0 0.679688 0.663889 0.031250 0.047222
0 0.734375 0.612500 0.037500 0.052778
0 0.733984 0.485417 0.025781 0.062500
0 0.843359 0.418056 0.039844 0.041667
0 0.586328 0.973611 0.027344 0.052778
