2 0.377344 0.311111 0.054688 0.052778
2 0.329297 0.386111 0.033594 0.094444
2 0.343359 0.731944 0.049219 0.086111
2 0.407422 0.707639 0.057031 0.051389
2 0.457031 0.543750 0.029687 0.109722
2 0.570703 0.627778 0.041406 0.080556
2 0.651563 0.645833 0.042188 0.086111
2 0.687500 0.677083 0.025000 0.101389
2 0.748047 0.581944 0.041406 0.091667
2 0.854297 0.611806 0.036719 0.101389
2 0.527734 0.877083 0.033594 0.081944
2 0.544141 0.922222 0.039844 0.086111
2 0.622266 0.931944 0.055469 0.066667
2 0.608594 0.839583 0.039062 0.104167
2 0.689844 0.870833 0.040625 0.097222
