0 0.388672 0.116667 0.032031 0.061111
0 0.391406 0.245139 0.040625 0.031944
0 0.394922 0.302778 0.039844 0.036111
0 0.423047 0.175694 0.022656 0.040278
0 0.509766 0.024306 0.017969 0.045833
0 0.562891 0.161111 0.025781 0.066667
0 0.566016 0.193056 0.035156 0.052778
0 0.704688 0.115278 0.025000 0.075000
0 0.704297 0.240972 0.028906 0.056944
0 0.331250 0.573611 0.039062 0.036111
0 0.413672 0.554167 0.032031 0.058333
0 0.566797 0.532639 0.033594 0.045833
0 0.649609 0.463889 0.027344 0.061111
0 0.583203 0.503472 0.041406 0.034722
0 0.553125 0.648611 0.025000 0.063889
0 0.630078 0.564583 0.036719 0.023611
0 0.710547 0.559722 0.030469 0.063889
0 0.751172 0.604167 0.019531 0.072222
0 0.562891 0.851389 0.039844 0.036111
0 0.487500 0.928472 0.025000 0.068056
