0 0.420703 0.036806 0.038281 0.043056
0 0.336719 0.189583 0.032813 0.056944
0 0.335938 0.277778 0.017188 0.038889
0 0.383984 0.268750 0.017969 0.068056
0 0.356641 0.322917 0.010156 0.068056
0 0.304297 0.515278 0.024219 0.063889
0 0.371094 0.315278 0.012500 0.061111
0 0.528516 0.211806 0.021094 0.065278
0 0.659766 0.140972 0.024219 0.070833
0 0.671094 0.009722 0.040625 0.016667
0 0.737891 0.045833 0.022656 0.069444
0 0.741016 0.111806 0.022656 0.065278
0 0.601172 0.347222 0.024219 0.072222
0 0.580859 0.506250 0.024219 0.059722
0 0.362109 0.826389 0.025781 0.063889
0 0.587500 0.734028 0.037500 0.043056
0 0.639062 0.703472 0.035937 0.040278
0 0.692187 0.690278 0.020313 0.063889
0 0.587109 0.871528 0.039844 0.031944
0 0.496875 0.951389 0.012500 0.069444
