0 0.444141 0.147222 0.033594 0.052778
0 0.344141 0.167361 0.022656 0.065278
0 0.320703 0.213194 0.024219 0.062500
0 0.326172 0.248611 0.028906 0.058333
0 0.341797 0.272222 0.007031 0.069444
0 0.391406 0.240972 0.025000 0.062500
0 0.421484 0.239583 0.024219 0.059722
0 0.443750 0.229861 0.035937 0.051389
0 0.440234 0.193056 0.041406 0.041667
0 0.285938 0.457639 0.014063 0.079167
0 0.421484 0.465278 0.033594 0.052778
0 0.470703 0.439583 0.032031 0.051389
0 0.446484 0.509722 0.041406 0.027778
0 0.424219 0.663889 0.035937 0.050000
0 0.442578 0.890278 0.035156 0.030556
0 0.606250 0.495139 0.021875 0.062500
0 0.640234 0.405556 0.035156 0.036111
0 0.669531 0.315972 0.040625 0.037500
0 0.773438 0.706250 0.039062 0.034722
0 0.819922 0.692361 0.025781 0.059722
