0 0.324609 0.240972 0.019531 0.031944
0 0.305078 0.366667 0.038281 0.044444
0 0.410938 0.202778 0.037500 0.044444
0 0.498437 0.062500 0.040625 0.044444
0 0.541016 0.061111 0.025781 0.066667
0 0.517188 0.116667 0.021875 0.066667
0 0.662891 0.074306 0.017969 0.073611
0 0.764453 0.226389 0.022656 0.036111
0 0.748047 0.268750 0.039844 0.029167
0 0.490625 0.336806 0.037500 0.037500
0 0.412891 0.554167 0.021094 0.066667
0 0.384375 0.621528 0.018750 0.068056
0 0.538672 0.606250 0.028906 0.070833
0 0.636719 0.487500 0.028125 0.061111
0 0.673047 0.525694 0.024219 0.031944
0 0.663672 0.648611 0.032031 0.066667
0 0.573438 0.983333 0.042188 0.022222
0 0.779297 0.775694 0.033594 0.054167
0 0.774219 0.831944 0.046875 0.033333
0 0.844141 0.688194 0.014844 0.068056
