0 0.351172 0.171528 0.036719 0.031944
0 0.362891 0.115278 0.027344 0.061111
0 0.526172 0.045833 0.025781 0.066667
0 0.453125 0.178472 0.040625 0.031944
0 0.492969 0.310417 0.032813 0.062500
0 0.529687 0.270139 0.010937 0.070833
0 0.568359 0.268750 0.027344 0.059722
0 0.477734 0.421528 0.041406 0.040278
0 0.508984 0.574306 0.044531 0.051389
0 0.454688 0.702083 0.035937 0.045833
0 0.646484 0.485417 0.030469 0.056944
0 0.714453 0.415972 0.021094 0.073611
0 0.751172 0.291667 0.041406 0.038889
0 0.799219 0.144444 0.021875 0.066667
0 0.714453 0.544444 0.038281 0.044444
0 0.768359 0.631944 0.019531 0.066667
0 0.792578 0.604167 0.022656 0.063889
0 0.853516 0.617361 0.019531 0.073611
0 0.847266 0.700000 0.042969 0.044444
0 0.769922 0.865972 0.036719 0.043056
