2 0.323047 0.352083 0.052344 0.040278
2 0.322266 0.479167 0.019531 0.100000
2 0.451562 0.429167 0.039062 0.088889
2 0.378125 0.593056 0.023438 0.086111
2 0.508203 0.690972 0.061719 0.040278
2 0.622656 0.509722 0.040625 0.091667
2 0.698828 0.429861 0.036719 0.084722
2 0.728125 0.452083 0.021875 0.101389
2 0.734375 0.655556 0.040625 0.077778
2 0.639453 0.826389 0.052344 0.072222
2 0.776953 0.837500 0.038281 0.072222
2 0.817578 0.776389 0.046094 0.072222
2 0.810937 0.636111 0.054688 0.052778
2 0.789062 0.510417 0.037500 0.093056
2 0.446875 0.906250 0.045312 0.079167
