0 0.411719 0.089583 0.034375 0.073611
0 0.446484 0.334028 0.032031 0.034722
0 0.472266 0.330556 0.038281 0.066667
0 0.488281 0.227778 0.035937 0.055556
0 0.574219 0.320833 0.026562 0.033333
0 0.546094 0.460417 0.029687 0.059722
0 0.618750 0.418750 0.018750 0.037500
0 0.603906 0.513889 0.043750 0.044444
0 0.634375 0.656944 0.020313 0.077778
0 0.652344 0.671528 0.028125 0.065278
0 0.575000 0.853472 0.020313 0.070833
0 0.740625 0.686111 0.040625 0.038889
0 0.852344 0.606250 0.032813 0.054167
0 0.794141 0.499306 0.021094 0.070833
0 0.801953 0.450000 0.019531 0.069444
0 0.861328 0.363889 0.024219 0.075000
0 0.736719 0.231944 0.021875 0.072222
0 0.639844 0.215278 0.032813 0.058333
0 0.615625 0.131944 0.032813 0.066667
0 0.642578 0.126389 0.038281 0.047222
