0 0.501563 0.070833 0.023438 0.069444
0 0.394141 0.145139 0.032031 0.051389
0 0.405469 0.236806 0.023438 0.070833
0 0.301172 0.389583 0.022656 0.068056
0 0.413672 0.441667 0.035156 0.050000
0 0.523438 0.350694 0.039062 0.026389
0 0.519922 0.300694 0.022656 0.070833
0 0.691797 0.122917 0.036719 0.045833
0 0.803516 0.331250 0.021094 0.031944
0 0.678906 0.400694 0.012500 0.065278
0 0.601562 0.410417 0.037500 0.034722
0 0.568750 0.477083 0.037500 0.040278
0 0.512500 0.518750 0.029687 0.056944
0 0.454688 0.668056 0.043750 0.041667
0 0.611328 0.798611 0.017969 0.058333
0 0.760156 0.510417 0.043750 0.040278
0 0.779297 0.684722 0.033594 0.069444
0 0.709766 0.793750 0.019531 0.068056
0 0.734375 0.793056 0.034375 0.044444
0 0.736328 0.896528 0.036719 0.045833
