0 0.325391 0.272917 0.021094 0.065278
0 0.391016 0.293056 0.021094 0.077778
0 0.371484 0.151389 0.030469 0.069444
0 0.516797 0.093056 0.022656 0.069444
0 0.539453 0.134028 0.039844 0.029167
0 0.598437 0.056250 0.026562 0.073611
0 0.660156 0.122917 0.048438 0.045833
0 0.665234 0.260417 0.044531 0.034722
0 0.550781 0.359722 0.029687 0.069444
0 0.487500 0.447917 0.035937 0.034722
0 0.419922 0.643750 0.038281 0.040278
0 0.569141 0.727083 0.024219 0.070833
0 0.666406 0.799306 0.035937 0.045833
0 0.652734 0.495833 0.025781 0.061111
0 0.693750 0.414583 0.021875 0.065278
0 0.698047 0.511806 0.027344 0.068056
0 0.801953 0.273611 0.041406 0.044444
0 0.788672 0.649306 0.028906 0.065278
0 0.783203 0.721528 0.017969 0.065278
0 0.576953 0.980556 0.032031 0.038889
