0 0.558984 0.057639 0.019531 0.029167
0 0.375000 0.136111 0.042188 0.047222
0 0.408984 0.247917 0.014844 0.073611
0 0.288672 0.391667 0.016406 0.077778
0 0.390625 0.434028 0.026562 0.087500
0 0.414453 0.486806 0.017969 0.084722
0 0.411719 0.621528 0.020313 0.068056
0 0.518750 0.401389 0.032813 0.061111
0 0.508594 0.350694 0.039062 0.037500
0 0.536328 0.313889 0.039844 0.050000
0 0.571094 0.428472 0.032813 0.048611
0 0.546875 0.476389 0.025000 0.061111
0 0.592969 0.399306 0.021875 0.065278
0 0.699609 0.336806 0.019531 0.076389
0 0.792578 0.315972 0.035156 0.048611
0 0.712109 0.416667 0.022656 0.063889
0 0.722656 0.450000 0.032813 0.055556
0 0.702734 0.559028 0.022656 0.073611
0 0.664062 0.595833 0.025000 0.052778
0 0.765625 0.603472 0.039062 0.040278
