0 0.372656 0.193056 0.020313 0.072222
0 0.348438 0.253472 0.039062 0.043056
0 0.309766 0.315278 0.041406 0.030556
0 0.415625 0.445139 0.026562 0.065278
0 0.519531 0.428472 0.037500 0.023611
0 0.574219 0.354861 0.018750 0.070833
0 0.527734 0.143750 0.022656 0.065278
0 0.727734 0.144444 0.027344 0.063889
0 0.712891 0.221528 0.036719 0.045833
0 0.653906 0.451389 0.014063 0.061111
0 0.767969 0.343056 0.032813 0.061111
0 0.594531 0.555556 0.037500 0.044444
0 0.621094 0.593750 0.040625 0.029167
0 0.719531 0.594444 0.017188 0.069444
0 0.481250 0.739583 0.040625 0.043056
0 0.596875 0.932639 0.026562 0.059722
0 0.793750 0.788194 0.032813 0.051389
0 0.808984 0.731944 0.041406 0.044444
0 0.819531 0.576389 0.046875 0.030556
