2 0.341406 0.441667 0.053125 0.058333
2 0.406250 0.730556 0.054688 0.044444
2 0.326562 0.292361 0.028125 0.104167
2 0.505078 0.461111 0.028906 0.100000
2 0.582422 0.645833 0.030469 0.100000
2 0.513672 0.819444 0.046094 0.069444
2 0.530078 0.956250 0.046094 0.073611
2 0.669531 0.804167 0.050000 0.069444
2 0.709375 0.855556 0.032813 0.077778
2 0.713281 0.909028 0.031250 0.090278
2 0.756641 0.813889 0.049219 0.052778
2 0.725000 0.681250 0.037500 0.093056
2 0.764062 0.709722 0.065625 0.044444
2 0.692578 0.359722 0.032031 0.111111
0 0.742969 0.467361 0.015625 0.104167
