2 0.329688 0.236111 0.031250 0.097222
2 0.316406 0.410417 0.035937 0.079167
2 0.341797 0.472917 0.060156 0.084722
2 0.332422 0.600694 0.055469 0.043056
2 0.361328 0.611111 0.027344 0.088889
2 0.385156 0.666667 0.051562 0.022222
2 0.480078 0.486111 0.019531 0.097222
2 0.520703 0.654167 0.033594 0.091667
2 0.468750 0.676389 0.053125 0.050000
2 0.372656 0.780556 0.053125 0.052778
2 0.457813 0.864583 0.018750 0.098611
2 0.516406 0.861806 0.053125 0.043056
2 0.534766 0.704861 0.052344 0.065278
2 0.600781 0.847917 0.042188 0.070833
2 0.634766 0.814583 0.035156 0.087500
