2 0.322656 0.365278 0.029687 0.097222
2 0.409375 0.299306 0.043750 0.073611
2 0.348438 0.612500 0.028125 0.100000
2 0.403125 0.675694 0.056250 0.040278
2 0.512109 0.579861 0.058594 0.062500
2 0.567187 0.776389 0.056250 0.050000
2 0.619531 0.650000 0.042188 0.077778
2 0.776953 0.527778 0.032031 0.088889
2 0.816797 0.443750 0.019531 0.093056
2 0.554688 0.917361 0.028125 0.104167
2 0.619531 0.897917 0.017188 0.098611
2 0.657813 0.772222 0.046875 0.061111
2 0.669922 0.794444 0.050781 0.063889
2 0.737891 0.717361 0.033594 0.109722
2 0.703906 0.919444 0.032813 0.105556
