2 0.385937 0.115278 0.029687 0.097222
2 0.304297 0.330556 0.036719 0.100000
2 0.314844 0.386806 0.031250 0.101389
2 0.453516 0.452778 0.032031 0.097222
2 0.388281 0.501389 0.045312 0.069444
2 0.300000 0.634722 0.020313 0.091667
2 0.359375 0.623611 0.054688 0.055556
2 0.368750 0.664583 0.050000 0.056944
2 0.405859 0.783333 0.038281 0.075000
2 0.568359 0.687500 0.052344 0.041667
2 0.594922 0.636111 0.042969 0.077778
2 0.632031 0.620833 0.048438 0.061111
2 0.632031 0.854167 0.037500 0.077778
2 0.622266 0.951389 0.057031 0.036111
2 0.689453 0.936806 0.049219 0.059722
