0 0.304688 0.284722 0.028125 0.066667
0 0.426563 0.398611 0.042188 0.030556
0 0.294922 0.553472 0.014844 0.073611
0 0.381250 0.719444 0.039062 0.030556
0 0.403906 0.762500 0.031250 0.050000
0 0.592969 0.520139 0.032813 0.051389
0 0.418750 0.129861 0.035937 0.045833
0 0.463672 0.096528 0.027344 0.059722
0 0.406641 0.064583 0.016406 0.065278
0 0.522656 0.027778 0.034375 0.050000
0 0.461328 0.020139 0.032031 0.037500
0 0.428125 0.032639 0.028125 0.062500
0 0.787109 0.117361 0.017969 0.076389
0 0.754297 0.284028 0.028906 0.059722
0 0.659375 0.429167 0.017188 0.066667
0 0.518359 0.983333 0.041406 0.022222
0 0.739844 0.833333 0.042188 0.038889
0 0.867969 0.577778 0.012500 0.075000
