2 0.411328 0.105556 0.038281 0.077778
2 0.315234 0.322917 0.024219 0.095833
2 0.330078 0.377083 0.030469 0.090278
2 0.400781 0.481944 0.053125 0.063889
2 0.467187 0.438194 0.034375 0.101389
2 0.340234 0.613889 0.016406 0.102778
2 0.374219 0.606250 0.057813 0.070833
2 0.371875 0.660417 0.057813 0.043056
2 0.600000 0.609722 0.032813 0.091667
2 0.655078 0.603472 0.052344 0.054167
2 0.586328 0.674306 0.064844 0.031944
2 0.469531 0.827083 0.056250 0.043056
2 0.642578 0.841667 0.036719 0.080556
2 0.628906 0.924306 0.056250 0.037500
2 0.693750 0.915972 0.042188 0.068056
